
355236030352018
355236030352026
355236030352034
355236030352042
355236030352059
355236030352067
355236030352075
355236030352083
355236030352091
355236030352109
355236030352117
355236030352125
355236030352133
355236030352141
355236030352158
355236030352166
355236030352174
355236030352182
355236030352190
355236030352208
355236030352216
355236030352224
355236030352232
355236030352240
355236030352257
355236030352265
355236030352273
355236030352281
355236030352299
355236030352307
355236030352315
355236030352323
355236030352331
355236030352349
355236030352356
355236030352364
355236030352372
355236030352380
355236030352398
355236030352406
355236030352414
355236030352422
355236030352430
355236030352448
355236030352455
355236030352463
355236030352471
355236030352489
355236030352497
355236030352505
355236030352513
355236030352521
355236030352539
355236030352547
355236030352554
355236030352562
355236030352570
355236030352588
355236030352596
355236030352604
355236030352612
355236030352620
355236030352638
355236030352646
355236030352653
355236030352661
355236030352679
355236030352687
355236030352695
355236030352703
355236030352711
355236030352729
355236030352737
355236030352745
355236030352752
355236030352760
355236030352778
355236030352786
355236030352794
355236030352802
355236030352810
355236030352828
355236030352836
355236030352844
355236030352851
355236030352869
355236030352877
355236030352885
355236030352893
355236030352901
355236030352919
355236030352927
355236030352935
355236030352943
355236030352950
355236030352968
355236030352976
355236030352984
355236030352992
355236030353008
355236030353016
355236030353024
355236030353032
355236030353040
355236030353057
355236030353065
355236030353073
355236030353081
355236030353099
355236030353107
355236030353115
355236030353123
355236030353131
355236030353149
355236030353156
355236030353164
355236030353172
355236030353180
355236030353198
355236030353206
355236030353214
355236030353222
355236030353230
355236030353248
355236030353255
355236030353263
355236030353271
355236030353289
355236030353297
355236030353305
355236030353313
355236030353321
355236030353339
355236030353347
355236030353354
355236030353362
355236030353370
355236030353388
355236030353396
355236030353404
355236030353412
355236030353420
355236030353438
355236030353446
355236030353453
355236030353461
355236030353479
355236030353487
355236030353495
355236030353503
355236030353511
355236030353529
355236030353537
355236030353545
355236030353552
355236030353560
355236030353578
355236030353586
355236030353594
355236030353602
355236030353610
355236030353628
355236030353636
355236030353644
355236030353651
355236030353669
355236030353677
355236030353685
355236030353693
355236030353701
355236030353719
355236030353727
355236030353735
355236030353743
355236030353750
355236030353768
355236030353776
355236030353784
355236030353792
355236030353800
355236030353818
355236030353826
355236030353834
355236030353842
355236030353859
355236030353867
355236030353875
355236030353883
355236030353891
355236030353909
355236030353917
355236030353925
355236030353933
355236030353941
355236030353958
355236030353966
355236030353974
355236030353982
355236030353990
355236030354006
355236030354014
355236030354022
355236030354030
355236030354048
355236030354055
355236030354063
355236030354071
355236030354089
355236030354097
355236030354105
355236030354113
355236030354121
355236030354139
355236030354147
355236030354154
355236030354162
355236030354170
355236030354188
355236030354196
355236030354204
355236030354212
355236030354220
355236030354238
355236030354246
355236030354253
355236030354261
355236030354279
355236030354287
355236030354295
355236030354303
355236030354311
355236030354329
355236030354337
355236030354345
355236030354352
355236030354360
355236030354378
355236030354386
355236030354394
355236030354402
355236030354410
355236030354428
355236030354436
355236030354444
355236030354451
355236030354469
355236030354477
355236030354485
355236030354493
355236030354501
355236030354519
355236030354527
355236030354535
355236030354543
355236030354550
355236030354568
355236030354576
355236030354584
355236030354592
355236030354600
355236030354618
355236030354626
355236030354634
355236030354642
355236030354659
355236030354667
355236030354675
355236030354683
355236030354691
355236030354709
355236030354717
355236030354725
355236030354733
355236030354741
355236030354758
355236030354766
355236030354774
355236030354782
355236030354790
355236030354808
355236030354816
355236030354824
355236030354832
355236030354840
355236030354857
355236030354865
355236030354873
355236030354881
355236030354899
355236030354907
355236030354915
355236030354923
355236030354931
355236030354949
355236030354956
355236030354964
355236030354972
355236030354980
355236030354998
355236030355003
355236030355011
355236030355029
355236030355037
355236030355045
355236030355052
355236030355060
355236030355078
355236030355086
355236030355094
355236030355102
355236030355110
355236030355128
355236030355136
355236030355144
355236030355151
355236030355169
355236030355177
355236030355185
355236030355193
355236030355201
355236030355219
355236030355227
355236030355235
355236030355243
355236030355250
355236030355268
355236030355276
355236030355284
355236030355292
355236030355300
355236030355318
355236030355326
355236030355334
355236030355342
355236030355359
355236030355367
355236030355375
355236030355383
355236030355391
355236030355409
355236030355417
355236030355425
355236030355433
355236030355441
355236030355458
355236030355466
355236030355474
355236030355482
355236030355490
355236030355508
355236030355516
355236030355524
355236030355532
355236030355540
355236030355557
355236030355565
355236030355573
355236030355581
355236030355599
355236030355607
355236030355615
355236030355623
355236030355631
355236030355649
355236030355656
355236030355664
355236030355672
355236030355680
355236030355698
355236030355706
355236030355714
355236030355722
355236030355730
355236030355748
355236030355755
355236030355763
355236030355771
355236030355789
355236030355797
355236030355805
355236030355813
355236030355821
355236030355839
355236030355847
355236030355854
355236030355862
355236030355870
355236030355888
355236030355896
355236030355904
355236030355912
355236030355920
355236030355938
355236030355946
355236030355953
355236030355961
355236030355979
355236030355987
355236030355995
355236030356001
355236030356019
355236030356027
355236030356035
355236030356043
355236030356050
355236030356068
355236030356076
355236030356084
355236030356092
355236030356100
355236030356118
355236030356126
355236030356134
355236030356142
355236030356159
355236030356167
355236030356175
355236030356183
355236030356191
355236030356209
355236030356217
355236030356225
355236030356233
355236030356241
355236030356258
355236030356266
355236030356274
355236030356282
355236030356290
355236030356308
355236030356316
355236030356324
355236030356332
355236030356340
355236030356357
355236030356365
355236030356373
355236030356381
355236030356399
355236030356407
355236030356415
355236030356423
355236030356431
355236030356449
355236030356456
355236030356464
355236030356472
355236030356480
355236030356498
355236030356506
355236030356514
355236030356522
355236030356530
355236030356548
355236030356555
355236030356563
355236030356571
355236030356589
